
640
480
59

640
480
60

640
480
67

640
480
72

640
480
75

640
480
100

640
480
119

640
480
120

640
480
144

720
400
59

720
400
60

720
400
70

720
400
75

720
400
100

720
400
119

720
400
120

720
400
144

720
480
59

720
480
60

720
480
75

720
480
100

720
480
119

720
480
120

720
480
144

800
600
56

800
600
59

800
600
60

800
600
72

800
600
75

800
600
100

800
600
119

800
600
120

800
600
144

832
624
59

832
624
60

832
624
75

832
624
100

832
624
119

832
624
120

832
624
144

1024
768
59

1024
768
60

1024
768
70

1024
768
75

1024
768
100

1024
768
119

1024
768
120

1024
768
144

1128
634
50

1128
634
59

1128
634
60

1128
634
75

1128
634
100

1128
634
119

1128
634
120

1128
634
144

1280
720
50

1280
720
59

1280
720
60

1280
720
75

1280
720
100

1280
720
119

1280
720
120

1280
720
144

1280
1024
59

1280
1024
60

1280
1024
75

1280
1024
100

1280
1024
119

1280
1024
120

1280
1024
144

1366
768
50

1366
768
59

1366
768
60

1366
768
75

1366
768
100

1366
768
119

1366
768
120

1366
768
144

1600
900
50

1600
900
59

1600
900
60

1600
900
75

1600
900
100

1600
900
119

1600
900
120

1600
900
144

1680
1050
50

1680
1050
59

1680
1050
60

1680
1050
75

1680
1050
100

1680
1050
119

1680
1050
120

1680
1050
144

1760
990
50

1760
990
59

1760
990
60

1760
990
75

1760
990
100

1760
990
119

1760
990
120

1760
990
144

1920
1080
25

1920
1080
29

1920
1080
30

1920
1080
50

1920
1080
59

1920
1080
60

1920
1080
75

1920
1080
100

1920
1080
119

1920
1080
120

1920
1080
144
